SM:2025-01-22T21:44:33.1288493Z
LM:2025-01-22T21:44:41.8823205Z
CT:image/jpeg
MA:604800
CL:44031
