SM:2025-01-22T22:02:36.5530900Z
LM:2025-01-22T22:02:46.2511818Z
CT:image/png
MA:604800
CL:31976
