SM:2025-01-22T22:03:03.2863482Z
LM:2025-01-22T22:03:11.3910177Z
CT:image/png
MA:604800
CL:29887
