SM:2025-01-19T13:16:05.9908573Z
LM:2025-01-19T13:16:15.7213330Z
CT:image/jpeg
MA:604800
CL:94737
