SM:2025-01-19T13:41:11.9271734Z
LM:2025-01-19T13:41:15.2119085Z
CT:image/png
MA:604800
CL:23281
