SM:2025-01-07T16:48:26.4150249Z
LM:2025-01-19T13:09:46.8997172Z
CT:image/png
MA:604800
CL:14422
