SM:2025-01-05T12:56:21.9510444Z
LM:2025-01-19T13:09:47.0822654Z
CT:image/jpeg
MA:604800
CL:39806
