SM:2025-01-11T20:04:00.6403511Z
LM:2025-01-19T13:09:46.9164045Z
CT:image/png
MA:604800
CL:35120
