SM:2025-01-11T20:01:20.5804039Z
LM:2025-01-19T13:09:47.9138800Z
CT:image/jpeg
MA:604800
CL:67527
