SM:2025-01-11T20:11:22.7360545Z
LM:2025-01-19T13:09:46.9216481Z
CT:image/png
MA:604800
CL:40243
