SM:2025-01-11T20:08:23.2217510Z
LM:2025-01-19T13:09:46.9614339Z
CT:image/png
MA:604800
CL:52292
