SM:2025-01-11T20:08:11.0935275Z
LM:2025-01-19T13:09:46.9790627Z
CT:image/png
MA:604800
CL:51760
