SM:2025-01-22T21:43:06.6533893Z
LM:2025-01-22T21:43:15.5699529Z
CT:image/png
MA:604800
CL:52292
