SM:2025-01-22T22:02:05.5426251Z
LM:2025-01-22T22:02:13.7460436Z
CT:image/jpeg
MA:604800
CL:94737
