SM:2025-01-11T20:06:44.1755475Z
LM:2025-01-19T13:09:46.9297595Z
CT:image/png
MA:604800
CL:48680
