SM:2025-01-22T22:58:35.7616608Z
LM:2025-01-22T22:58:58.6221748Z
CT:image/png
MA:604800
CL:240015
