SM:2025-01-22T23:17:39.4638224Z
LM:2025-01-22T23:17:46.9631647Z
CT:image/png
MA:604800
CL:13893
