SM:2025-01-05T08:07:44.8562941Z
LM:2025-01-19T13:09:46.8997285Z
CT:image/png
MA:604800
CL:17529
