SM:2025-01-14T16:34:27.6211014Z
LM:2025-01-16T14:30:56.4997852Z
CT:image/png
MA:604800
CL:31976
