SM:2025-01-07T16:48:26.2216564Z
LM:2025-01-19T13:09:46.8997041Z
CT:image/png
MA:604800
CL:13893
