SM:2025-01-19T13:21:22.1164376Z
LM:2025-01-19T13:21:22.8692607Z
CT:image/jpeg
MA:604800
CL:112155
