SM:2025-01-14T16:34:34.3872175Z
LM:2025-01-16T14:30:56.4998375Z
CT:image/png
MA:604800
CL:29887
