SM:2025-01-19T13:16:35.3331099Z
LM:2025-01-19T13:16:35.6084242Z
CT:image/jpeg
MA:604800
CL:44031
