SM:2025-01-22T23:18:19.7547947Z
LM:2025-01-22T23:18:34.0883164Z
CT:image/png
MA:604800
CL:14422
