SM:2025-01-22T22:04:22.7403222Z
LM:2025-01-22T22:04:40.5695747Z
CT:image/jpeg
MA:604800
CL:39321
