SM:2025-01-11T19:09:07.9891606Z
LM:2025-01-16T15:32:53.5871147Z
CT:image/png
MA:604800
CL:240015
