SM:2025-01-22T22:21:37.9960410Z
LM:2025-01-22T22:21:46.7674208Z
CT:image/png
MA:604800
CL:23281
